10100000
00000111
00000000
01100000
10100000
00000010
00000000
01100001
00011111
01100010
00011111
00100000
10100000
00100001
00000000
01110111
11010111
01011100
00011111
00111110
00100010
01100010
00011111
00000001
00111110
00100000
01100000
10100000
00001010
00000000
01110111
11010111
11111100
00011111
00100000
00100001
01100000
00011111
00111111
00100010
01100010
10100000
11101000
00000011
01101000
00011111
00100000
10001000
10100000
11101010
00000011
01101001
00011111
00100001
10001001
10100000
11101100
00000011
01101010
00011111
00100010
10001010
11011111
11111100

